{
  "tripId": "8dba64b1-e77f-470a-bebd-22708990b601",
  "tripName": "Trip to Berlin",
  "tripStarts": "2021-07-24T07:00:00.000Z",
  "tripEnds": "2021-07-27T15:00:00.000Z",
  "destination": "Berlin",
  "createdAt": "2021-07-19T20:25:57.534Z",
  "accommodation": "Spandauer Alle 123, 0134 Berlin",
  "transportation": { "walking": true, "public": true },
  "trip": [
    {
      "dayIndex": 1,
      "date": "2021-07-24T07:30:00.000Z",
      "highlights": { "place_id": "ChIJjRbDOf1RqEcRNoyAtT2-8P0" },
      "locations": [
        {
          "locationIndex": 1,
          "period": "morning",
          "arrivalTime": "2021-07-24T07:30:00.000Z",
          "departureTime": "2021-07-24T08:30:00.000Z",
          "travelTo": 5000,
          "travelFrom": 5000,
          "place_id": "ChIJjRbDOf1RqEcRNoyAtT2-8P0"
        },
        {
          "locationIndex": 2,
          "period": "morning",
          "arrivalTime": "2021-07-24T08:45:00.000Z",
          "departureTime": "2021-07-24T10:00:00.000Z",
          "travelTo": 5000,
          "travelFrom": 5000,
          "place_id": "ChIJNRqweCpOqEcR9Wab9cvf6lc"
        },
        {
          "locationIndex": 3,
          "period": "afternoon",
          "arrivalTime": "2021-07-24T11:30:00.000Z",
          "departureTime": "2021-07-24T13:30:00.000Z",
          "travelTo": 5000,
          "travelFrom": 5000,
          "place_id": "ChIJS4MKBSBOqEcRMVSPqUYFOJ0"
        },
        {
          "locationIndex": 4,
          "period": "afternoon",
          "arrivalTime": "2021-07-24T11:30:00.000Z",
          "departureTime": "2021-07-24T13:30:00.000Z",
          "travelTo": 5000,
          "travelFrom": 5000,
          "place_id": "ChIJS4MKBSBOqEcRMVSPqUYFOJ0"
        }
      ]
    },
    {
      "dayIndex": 2,
      "date": "2021-07-24T07:30:00.000Z",
      "highlights": { "place_id": "ChIJS4MKBSBOqEcRMVSPqUYFOJ0" },
      "locations": [
        {
          "locationIndex": 1,
          "period": "morning",
          "arrivalTime": "2021-07-24T07:30:00.000Z",
          "departureTime": "2021-07-24T08:30:00.000Z",
          "travelTo": 5000,
          "travelFrom": 5000,
          "place_id": "ChIJjRbDOf1RqEcRNoyAtT2-8P0"
        },
        {
          "locationIndex": 2,
          "period": "morning",
          "arrivalTime": "2021-07-24T08:45:00.000Z",
          "departureTime": "2021-07-24T10:00:00.000Z",
          "travelTo": 5000,
          "travelFrom": 5000,
          "place_id": "ChIJNRqweCpOqEcR9Wab9cvf6lc"
        },
        {
          "locationIndex": 3,
          "period": "afternoon",
          "arrivalTime": "2021-07-24T11:30:00.000Z",
          "departureTime": "2021-07-24T13:30:00.000Z",
          "travelTo": 5000,
          "travelFrom": 5000,
          "place_id": "ChIJS4MKBSBOqEcRMVSPqUYFOJ0"
        },
        {
          "locationIndex": 4,
          "period": "afternoon",
          "arrivalTime": "2021-07-24T11:30:00.000Z",
          "departureTime": "2021-07-24T13:30:00.000Z",
          "travelTo": 5000,
          "travelFrom": 5000,
          "place_id": "ChIJS4MKBSBOqEcRMVSPqUYFOJ0"
        }
      ]
    },
    {
      "dayIndex": 3,
      "date": "2021-07-24T07:30:00.000Z",
      "highlights": { "place_id": "ChIJS4MKBSBOqEcRMVSPqUYFOJ0" },
      "locations": [
        {
          "locationIndex": 1,
          "period": "morning",
          "arrivalTime": "2021-07-24T07:30:00.000Z",
          "departureTime": "2021-07-24T08:30:00.000Z",
          "travelTo": 5000,
          "travelFrom": 5000,
          "place_id": "ChIJjRbDOf1RqEcRNoyAtT2-8P0"
        },
        {
          "locationIndex": 2,
          "period": "morning",
          "arrivalTime": "2021-07-24T08:45:00.000Z",
          "departureTime": "2021-07-24T10:00:00.000Z",
          "travelTo": 5000,
          "travelFrom": 5000,
          "place_id": "ChIJNRqweCpOqEcR9Wab9cvf6lc"
        },
        {
          "locationIndex": 3,
          "period": "afternoon",
          "arrivalTime": "2021-07-24T11:30:00.000Z",
          "departureTime": "2021-07-24T13:30:00.000Z",
          "travelTo": 5000,
          "travelFrom": 5000,
          "place_id": "ChIJS4MKBSBOqEcRMVSPqUYFOJ0"
        },
        {
          "locationIndex": 4,
          "period": "afternoon",
          "arrivalTime": "2021-07-24T11:30:00.000Z",
          "departureTime": "2021-07-24T13:30:00.000Z",
          "travelTo": 5000,
          "travelFrom": 5000,
          "place_id": "ChIJS4MKBSBOqEcRMVSPqUYFOJ0"
        }
      ]
    },
    {
      "dayIndex": 4,
      "date": "2021-07-24T07:30:00.000Z",
      "highlights": { "place_id": "ChIJjRbDOf1RqEcRNoyAtT2-8P0" },
      "locations": [
        {
          "locationIndex": 1,
          "period": "morning",
          "arrivalTime": "2021-07-24T07:30:00.000Z",
          "departureTime": "2021-07-24T08:30:00.000Z",
          "travelTo": 5000,
          "travelFrom": 5000,
          "place_id": "ChIJjRbDOf1RqEcRNoyAtT2-8P0"
        },
        {
          "locationIndex": 2,
          "period": "morning",
          "arrivalTime": "2021-07-24T08:45:00.000Z",
          "departureTime": "2021-07-24T10:00:00.000Z",
          "travelTo": 5000,
          "travelFrom": 5000,
          "place_id": "ChIJNRqweCpOqEcR9Wab9cvf6lc"
        },
        {
          "locationIndex": 3,
          "period": "afternoon",
          "arrivalTime": "2021-07-24T11:30:00.000Z",
          "departureTime": "2021-07-24T13:30:00.000Z",
          "travelTo": 5000,
          "travelFrom": 5000,
          "place_id": "ChIJS4MKBSBOqEcRMVSPqUYFOJ0"
        },
        {
          "locationIndex": 4,
          "period": "afternoon",
          "arrivalTime": "2021-07-24T11:30:00.000Z",
          "departureTime": "2021-07-24T13:30:00.000Z",
          "travelTo": 5000,
          "travelFrom": 5000,
          "place_id": "ChIJS4MKBSBOqEcRMVSPqUYFOJ0"
        }
      ]
    }
  ],
  "rawDataPlaces": [
    {
      "business_status": "OPERATIONAL",
      "geometry": {
        "location": { "lat": 52.5321182, "lng": 13.4100018 },
        "viewport": {
          "northeast": { "lat": 52.5335009302915, "lng": 13.4112717302915 },
          "southwest": { "lat": 52.5308029697085, "lng": 13.4085737697085 }
        }
      },
      "icon": "https://maps.gstatic.com/mapfiles/place_api/icons/v1/png_71/museum-71.png",
      "name": "Tchoban Foundation - Museum of architectural drawing",
      "opening_hours": { "open_now": true },
      "photos": [
        {
          "height": 3763,
          "html_attributions": [
            "<a href=\"https://maps.google.com/maps/contrib/111879660376472668886\">Tom Oh</a>"
          ],
          "photo_reference": "Aap_uECRZiD2nJ16_dcIUqcwwpDenxM88PFqBf2zLc5C4TAqvtrqdSRwQGV0uU7eZYqxuCZrnwTx4KNys3EuMioPudrq8eFgHY0JBfrhQHeKMiyX9F-Hkg-EG4MKL9kiFj22Pq4Tat9HOuZrFEsvQif_MQhsMjv5FJferqG_AEizMqHFcHce",
          "width": 2822
        }
      ],
      "place_id": "ChIJjRbDOf1RqEcRNoyAtT2-8P0",
      "plus_code": {
        "compound_code": "GCJ6+R2 Berlin, Germany",
        "global_code": "9F4MGCJ6+R2"
      },
      "rating": 4.4,
      "reference": "ChIJjRbDOf1RqEcRNoyAtT2-8P0",
      "scope": "GOOGLE",
      "types": [
        "tourist_attraction",
        "museum",
        "point_of_interest",
        "establishment"
      ],
      "user_ratings_total": 96,
      "vicinity": "Christinenstraße 18a, Berlin"
    },
    {
      "business_status": "OPERATIONAL",
      "geometry": {
        "location": { "lat": 52.5201544, "lng": 13.4036905 },
        "viewport": {
          "northeast": { "lat": 52.52167628029149, "lng": 13.4052001802915 },
          "southwest": { "lat": 52.5189783197085, "lng": 13.4025022197085 }
        }
      },
      "icon": "https://maps.gstatic.com/mapfiles/place_api/icons/v1/png_71/generic_business-71.png",
      "name": "AquaDom & SEA LIFE Berlin",
      "opening_hours": { "open_now": false },
      "photos": [
        {
          "height": 1080,
          "html_attributions": [
            "<a href=\"https://maps.google.com/maps/contrib/102520379325455447571\">Burak</a>"
          ],
          "photo_reference": "Aap_uEDET8lP1heN19UWfo9iyvAG_2rdRrohI9xfzmtv4zoVBnlGx2ktiex8P6P45UGIJRInQlA7I5JdeS8fMAZG3jw6FqBI5gqphTmzNBe5r-g7yj0Px_P_EiHQsO-LmlHSmCarDePOeVAg8R_YRSnqKnibikiMXhRqtfsFay0SgOaZYrws",
          "width": 1920
        }
      ],
      "place_id": "ChIJ91dCwN9RqEcRkikp1Dz3wtM",
      "plus_code": {
        "compound_code": "GCC3+3F Berlin, Germany",
        "global_code": "9F4MGCC3+3F"
      },
      "rating": 3.9,
      "reference": "ChIJ91dCwN9RqEcRkikp1Dz3wtM",
      "scope": "GOOGLE",
      "types": [
        "aquarium",
        "tourist_attraction",
        "point_of_interest",
        "establishment"
      ],
      "user_ratings_total": 7153,
      "vicinity": "Spandauer Straße 3, Berlin"
    },
    {
      "business_status": "OPERATIONAL",
      "geometry": {
        "location": { "lat": 52.5039563, "lng": 13.3981579 },
        "viewport": {
          "northeast": { "lat": 52.5049940802915, "lng": 13.3998330302915 },
          "southwest": { "lat": 52.5022961197085, "lng": 13.3971350697085 }
        }
      },
      "icon": "https://maps.gstatic.com/mapfiles/place_api/icons/v1/png_71/museum-71.png",
      "name": "Berlinische Galerie",
      "opening_hours": { "open_now": true },
      "photos": [
        {
          "height": 1181,
          "html_attributions": [
            "<a href=\"https://maps.google.com/maps/contrib/100810678627937886696\">Berlinische Galerie</a>"
          ],
          "photo_reference": "Aap_uEAzG4ANRL9ZIUP-TqGYaJ0HNheolWIsWOT3o1cLtbZR8mvNnvxREmNnm678QpafCbZYTpF1HKjOu-Pf35mjUxwrxtYT5RyGd1X85cQjNmURq3eKFyXxNOzVgVLH3k5bZt_-JfYfAAG032HG6HJm3NuhCnpykEcHKP6muKvfHv8GGJkg",
          "width": 1710
        }
      ],
      "place_id": "ChIJNRqweCpOqEcR9Wab9cvf6lc",
      "plus_code": {
        "compound_code": "G93X+H7 Berlin, Germany",
        "global_code": "9F4MG93X+H7"
      },
      "rating": 4.5,
      "reference": "ChIJNRqweCpOqEcR9Wab9cvf6lc",
      "scope": "GOOGLE",
      "types": [
        "tourist_attraction",
        "museum",
        "point_of_interest",
        "establishment"
      ],
      "user_ratings_total": 2797,
      "vicinity": "Alte Jakobstraße 124-128, Berlin"
    },
    {
      "business_status": "OPERATIONAL",
      "geometry": {
        "location": { "lat": 52.521183, "lng": 13.3969 },
        "viewport": {
          "northeast": { "lat": 52.5221437802915, "lng": 13.39769899999999 },
          "southwest": { "lat": 52.5194458197085, "lng": 13.394503 }
        }
      },
      "icon": "https://maps.gstatic.com/mapfiles/place_api/icons/v1/png_71/museum-71.png",
      "name": "Pergamonmuseum",
      "opening_hours": { "open_now": false },
      "photos": [
        {
          "height": 864,
          "html_attributions": [
            "<a href=\"https://maps.google.com/maps/contrib/111720736981972382008\">yusuf ayrancı</a>"
          ],
          "photo_reference": "Aap_uEDA2ONIanIzll5I-RWA6IsL7YWXRbJxc7zPYyngDpyQi4kHfV6hM_uJGGEaP4xrweMVvqipd1E4YHeWrDRJXN5MBlBijINYoDe1kt1bAZBDWeDl9xpNH8eRJooYSfn_4hQ6fHlWmLkOZByZOkgfFwS2V3-ViGysbur_HwI7ntv0aIpU",
          "width": 1199
        }
      ],
      "place_id": "ChIJS4MKBSBOqEcRMVSPqUYFOJ0",
      "plus_code": {
        "compound_code": "G9CW+FQ Berlin, Germany",
        "global_code": "9F4MG9CW+FQ"
      },
      "rating": 4.5,
      "reference": "ChIJS4MKBSBOqEcRMVSPqUYFOJ0",
      "scope": "GOOGLE",
      "types": [
        "tourist_attraction",
        "museum",
        "point_of_interest",
        "establishment"
      ],
      "user_ratings_total": 20338,
      "vicinity": "Bodestraße 1-3, Berlin"
    },
    {
      "business_status": "OPERATIONAL",
      "geometry": {
        "location": { "lat": 52.5190608, "lng": 13.401078 },
        "viewport": {
          "northeast": { "lat": 52.5202951802915, "lng": 13.4021231802915 },
          "southwest": { "lat": 52.5175972197085, "lng": 13.3994252197085 }
        }
      },
      "icon": "https://maps.gstatic.com/mapfiles/place_api/icons/v1/png_71/worship_general-71.png",
      "name": "Berlin Cathedral",
      "opening_hours": { "open_now": true },
      "photos": [
        {
          "height": 3024,
          "html_attributions": [
            "<a href=\"https://maps.google.com/maps/contrib/117856616514455393909\">celalettin keles</a>"
          ],
          "photo_reference": "Aap_uEDfh7PRXUGNpZtjHNZtT8-e-9xkypWhIt3HA-vNpmV5GMJD0Q3zRpERExss6ANcJh5Jt9ZI13F85g3bp3sgFZtq6Tp7IdBT0HhgQbM6wbLlobs09Kb9rlTK2yXXYq2bdtV45YLnmkDqjjCRLLGJswKJSyF1HHcTATVwOvz-UwUcsXh_",
          "width": 4032
        }
      ],
      "place_id": "ChIJS9HC895RqEcR_IovsNVoDng",
      "plus_code": {
        "compound_code": "GC92+JC Berlin, Germany",
        "global_code": "9F4MGC92+JC"
      },
      "rating": 4.6,
      "reference": "ChIJS9HC895RqEcR_IovsNVoDng",
      "scope": "GOOGLE",
      "types": [
        "tourist_attraction",
        "church",
        "place_of_worship",
        "point_of_interest",
        "establishment"
      ],
      "user_ratings_total": 28615,
      "vicinity": "Am Lustgarten, Berlin"
    },
    {
      "business_status": "OPERATIONAL",
      "geometry": {
        "location": { "lat": 52.52198139999999, "lng": 13.413306 },
        "viewport": {
          "northeast": { "lat": 52.5233303802915, "lng": 13.4146549802915 },
          "southwest": { "lat": 52.5206324197085, "lng": 13.4119570197085 }
        }
      },
      "icon": "https://maps.gstatic.com/mapfiles/place_api/icons/v1/png_71/generic_business-71.png",
      "name": "Alexanderplatz",
      "photos": [
        {
          "height": 4032,
          "html_attributions": [
            "<a href=\"https://maps.google.com/maps/contrib/115815314054279073342\">Omar Mahmoud Abou Ajoue</a>"
          ],
          "photo_reference": "Aap_uECgsFSiWiM7ZK6qOSOtB4tDJVm1NaWBWjkSlQMfAX3pj9qkCA-oXX35JNaPyoI3o5VqY1cOjfTgkr06pjHae1m8RbkB2yBnjeuVGyU9PzYDBCsJlN5a2sxhj0kNEvKAuLcskWS4cSmRYkf-h4hHUODWsW50EPr5fZ8rvK67medo3SVg",
          "width": 3024
        }
      ],
      "place_id": "ChIJbygR2x5OqEcRbhbkZsMB_DA",
      "plus_code": {
        "compound_code": "GCC7+Q8 Berlin, Germany",
        "global_code": "9F4MGCC7+Q8"
      },
      "rating": 4.2,
      "reference": "ChIJbygR2x5OqEcRbhbkZsMB_DA",
      "scope": "GOOGLE",
      "types": ["tourist_attraction", "point_of_interest", "establishment"],
      "user_ratings_total": 156341,
      "vicinity": "Berlin"
    },
    {
      "business_status": "OPERATIONAL",
      "geometry": {
        "location": { "lat": 52.5181519, "lng": 13.3969499 },
        "viewport": {
          "northeast": { "lat": 52.5198011802915, "lng": 13.3978441302915 },
          "southwest": { "lat": 52.5171032197085, "lng": 13.3951461697085 }
        }
      },
      "icon": "https://maps.gstatic.com/mapfiles/place_api/icons/v1/png_71/museum-71.png",
      "name": "German Historical Museum",
      "opening_hours": { "open_now": true },
      "photos": [
        {
          "height": 3265,
          "html_attributions": [
            "<a href=\"https://maps.google.com/maps/contrib/103475648256419577286\">Mosquel</a>"
          ],
          "photo_reference": "Aap_uEAfN7v7yuiTuDSt5Au8rDdS1gTzTHqmJjV5ngvcV9JXm_yiRQ3b0Sq29g1jpnGRtMjVxheKVjlkaGHpPZ7AmrBVn5vOh3yPRqgoSlQEaaH7PhGOWofBXgIPYf_oDPwsKJNOTmskdznQ4jwfUiTeJZKrMklhRwpq1U2Z1k_Ep1eeOwFx",
          "width": 4898
        }
      ],
      "place_id": "ChIJnZP4HtxRqEcRw0epcRGQ-_k",
      "plus_code": {
        "compound_code": "G99W+7Q Berlin, Germany",
        "global_code": "9F4MG99W+7Q"
      },
      "rating": 4.6,
      "reference": "ChIJnZP4HtxRqEcRw0epcRGQ-_k",
      "scope": "GOOGLE",
      "types": [
        "tourist_attraction",
        "museum",
        "point_of_interest",
        "establishment"
      ],
      "user_ratings_total": 8364,
      "vicinity": "Unter den Linden 2, Berlin"
    },
    {
      "business_status": "OPERATIONAL",
      "geometry": {
        "location": { "lat": 52.53505209999999, "lng": 13.3901898 },
        "viewport": {
          "northeast": { "lat": 52.5407997, "lng": 13.4004726 },
          "southwest": { "lat": 52.5301373, "lng": 13.3826962 }
        }
      },
      "icon": "https://maps.gstatic.com/mapfiles/place_api/icons/v1/png_71/park-71.png",
      "name": "Berlin Wall Memorial",
      "opening_hours": { "open_now": true },
      "photos": [
        {
          "height": 3024,
          "html_attributions": [
            "<a href=\"https://maps.google.com/maps/contrib/101126082325936292493\">Rodrigo Mesquita</a>"
          ],
          "photo_reference": "Aap_uEAG-PXUsmgmVBM9fAtvdS6NkjTEbdhNnAKf1diqGopTo6yAspgJPmKgrboxRn092Jh_qMFm6oU3uqTt9abZAbzq8vGaQFNJG5jiPWvMaKqFDX_UXgEx_h1J93ZyM1mVVGNLi3beQZV02Gut3a49b_b1zPvyMuozKL-zEbDnSH4cGIIj",
          "width": 4032
        }
      ],
      "place_id": "ChIJZ0KxF_JRqEcRrLHB-4r-U-o",
      "plus_code": {
        "compound_code": "G9PR+23 Berlin, Germany",
        "global_code": "9F4MG9PR+23"
      },
      "rating": 4.6,
      "reference": "ChIJZ0KxF_JRqEcRrLHB-4r-U-o",
      "scope": "GOOGLE",
      "types": [
        "tourist_attraction",
        "museum",
        "park",
        "point_of_interest",
        "establishment"
      ],
      "user_ratings_total": 32398,
      "vicinity": "Bernauer Straße 111, Berlin"
    },
    {
      "business_status": "OPERATIONAL",
      "geometry": {
        "location": { "lat": 52.5201349, "lng": 13.3976459 },
        "viewport": {
          "northeast": { "lat": 52.5213541302915, "lng": 13.3993904802915 },
          "southwest": { "lat": 52.5186561697085, "lng": 13.3966925197085 }
        }
      },
      "icon": "https://maps.gstatic.com/mapfiles/place_api/icons/v1/png_71/museum-71.png",
      "name": "Egyptian Museum and Papyrus Collection",
      "opening_hours": { "open_now": true },
      "photos": [
        {
          "height": 2304,
          "html_attributions": [
            "<a href=\"https://maps.google.com/maps/contrib/117967823031241123237\">Ivan Ivan</a>"
          ],
          "photo_reference": "Aap_uECXOfnkQJlIdCbNmMBxckdfXwFVkgQxNzaAPNUCtbpERHRW5lP_-8xrHywx9qtVTpkBhtE_5DRpRXzaiHrq2e0XnSlzsW-MlryrozZBh7WWtu8PFR9lKTbNBO1d3DFqMQrkyEfavDtw1UxD1YbGAdcuEGjnWMSnCTGMLKWfR_ZZq0CA",
          "width": 3072
        }
      ],
      "place_id": "ChIJM28dat1RqEcRKXIADGmEr-4",
      "plus_code": {
        "compound_code": "G9CX+33 Berlin, Germany",
        "global_code": "9F4MG9CX+33"
      },
      "rating": 4.6,
      "reference": "ChIJM28dat1RqEcRKXIADGmEr-4",
      "scope": "GOOGLE",
      "types": [
        "tourist_attraction",
        "museum",
        "point_of_interest",
        "establishment"
      ],
      "user_ratings_total": 1449,
      "vicinity": "Bodestraße 1-3, Berlin"
    },
    {
      "business_status": "OPERATIONAL",
      "geometry": {
        "location": { "lat": 52.5074434, "lng": 13.3903913 },
        "viewport": {
          "northeast": { "lat": 52.5088690802915, "lng": 13.3917089802915 },
          "southwest": { "lat": 52.5061711197085, "lng": 13.3890110197085 }
        }
      },
      "icon": "https://maps.gstatic.com/mapfiles/place_api/icons/v1/png_71/generic_business-71.png",
      "name": "Checkpoint Charlie",
      "opening_hours": { "open_now": true },
      "photos": [
        {
          "height": 8000,
          "html_attributions": [
            "<a href=\"https://maps.google.com/maps/contrib/107466222616495038669\">warairatech C</a>"
          ],
          "photo_reference": "Aap_uECaV_OGYU4NaIltdP33_D73YulQGmTpJPhugZRo0dyt4fGDeKhhLnI-GboOjBHACuocf7YMcw-9RikZDABQ-HgpxbXsKCSvpWIs4KtkQcOkB7LEmM0aBeaKcuOgu-XzScEV1l62tmzaGYY1DVS2aiJOC9DfXCNwlkwipNxg7uMBHI6C",
          "width": 6000
        }
      ],
      "place_id": "ChIJzdgmXNFRqEcRyIl9R0IApSM",
      "plus_code": {
        "compound_code": "G94R+X5 Berlin, Germany",
        "global_code": "9F4MG94R+X5"
      },
      "rating": 4,
      "reference": "ChIJzdgmXNFRqEcRyIl9R0IApSM",
      "scope": "GOOGLE",
      "types": ["tourist_attraction", "point_of_interest", "establishment"],
      "user_ratings_total": 58725,
      "vicinity": "Friedrichstraße 43-45, Berlin"
    },
    {
      "business_status": "OPERATIONAL",
      "geometry": {
        "location": { "lat": 52.51862020000001, "lng": 13.3761871 },
        "viewport": {
          "northeast": { "lat": 52.52034388029149, "lng": 13.3770478 },
          "southwest": { "lat": 52.51764591970849, "lng": 13.373605 }
        }
      },
      "icon": "https://maps.gstatic.com/mapfiles/place_api/icons/v1/png_71/civic_building-71.png",
      "name": "Reichstag Building",
      "opening_hours": { "open_now": true },
      "photos": [
        {
          "height": 1200,
          "html_attributions": [
            "<a href=\"https://maps.google.com/maps/contrib/105027532080741110334\">Vladan Ryšavý</a>"
          ],
          "photo_reference": "Aap_uEBOMq4hmFMBEU3otHeLTnSfCsenPJVzOJyTnH2q4024TIrzrxXZ6r_3YpD58RqV2mkwMhr5zPWA3TNE_HWxvwAbPNQS8CxZ9D4dwgRO5aGBJsNKOFE6rbTGFQBqY5s_wscwbJMcwEDI2gD3WDc5nHBjBEUACh8PuhJw2tkpf9upAlFb",
          "width": 1600
        }
      ],
      "place_id": "ChIJbVDuQcdRqEcR5X3xq9NSG2Q",
      "plus_code": {
        "compound_code": "G99G+CF Berlin, Germany",
        "global_code": "9F4MG99G+CF"
      },
      "rating": 4.6,
      "reference": "ChIJbVDuQcdRqEcR5X3xq9NSG2Q",
      "scope": "GOOGLE",
      "types": ["tourist_attraction", "point_of_interest", "establishment"],
      "user_ratings_total": 7455,
      "vicinity": "Platz der Republik 1, Berlin"
    },
    {
      "business_status": "OPERATIONAL",
      "geometry": {
        "location": { "lat": 52.5139474, "lng": 13.3787126 },
        "viewport": {
          "northeast": { "lat": 52.51546378029149, "lng": 13.3806310802915 },
          "southwest": { "lat": 52.5127658197085, "lng": 13.3779331197085 }
        }
      },
      "icon": "https://maps.gstatic.com/mapfiles/place_api/icons/v1/png_71/generic_business-71.png",
      "name": "Memorial to the Murdered Jews of Europe",
      "opening_hours": { "open_now": false },
      "photos": [
        {
          "height": 2268,
          "html_attributions": [
            "<a href=\"https://maps.google.com/maps/contrib/104573458457253087295\">Dieter Palm</a>"
          ],
          "photo_reference": "Aap_uEAEeIlbMo9H7KKhsIMbTeCPGkRaZOYa0RybA6jZLqIPP6VN6mxK3O85qSBYoo-VEvwvQQ6GTlsKU0YauQquiSRq-uUzHbGdJMv2bkhayXq4KSagBpcSKxNCEYpOAh4p0PG808WOs9vgsSgbHqWeGuYkVp313AuRfxTLRTiW9pPX9BB_",
          "width": 4032
        }
      ],
      "place_id": "ChIJW2oZB8ZRqEcRyFvuEpCnNBQ",
      "plus_code": {
        "compound_code": "G97H+HF Berlin, Germany",
        "global_code": "9F4MG97H+HF"
      },
      "rating": 4.6,
      "reference": "ChIJW2oZB8ZRqEcRyFvuEpCnNBQ",
      "scope": "GOOGLE",
      "types": [
        "tourist_attraction",
        "museum",
        "point_of_interest",
        "establishment"
      ],
      "user_ratings_total": 38876,
      "vicinity": "Cora-Berliner-Straße 1, Berlin"
    },
    {
      "business_status": "CLOSED_TEMPORARILY",
      "geometry": {
        "location": { "lat": 52.5157702, "lng": 13.3948097 },
        "viewport": {
          "northeast": { "lat": 52.51724128029149, "lng": 13.3963445302915 },
          "southwest": { "lat": 52.51454331970849, "lng": 13.3936465697085 }
        }
      },
      "icon": "https://maps.gstatic.com/mapfiles/place_api/icons/v1/png_71/worship_general-71.png",
      "name": "St. Hedwig's Cathedral",
      "permanently_closed": true,
      "photos": [
        {
          "height": 3968,
          "html_attributions": [
            "<a href=\"https://maps.google.com/maps/contrib/104977061058405578491\">Tamara Stupkin</a>"
          ],
          "photo_reference": "Aap_uEAbfUBOQBoV3YCU1YJcBAYsZl-sU-62hHv2G7D7fA91nn0n8XKuBhVFp3H4rDTItopVswvetQfe6zRnxMmvlsKV0RCmxEYS3cm7EM9zGt29GpY1OJ9bQn0CbUFdNeUsSGKaEJZq90_CAO-KxgyJ_7EQcS2dP_CXBTf8MKqDBAmxOnNC",
          "width": 2976
        }
      ],
      "place_id": "ChIJxw-fVB5OqEcRd3mOR9VYdBQ",
      "plus_code": {
        "compound_code": "G98V+8W Berlin, Germany",
        "global_code": "9F4MG98V+8W"
      },
      "rating": 4.3,
      "reference": "ChIJxw-fVB5OqEcRd3mOR9VYdBQ",
      "scope": "GOOGLE",
      "types": [
        "tourist_attraction",
        "museum",
        "church",
        "place_of_worship",
        "point_of_interest",
        "establishment"
      ],
      "user_ratings_total": 605,
      "vicinity": "Bebelplatz, Berlin"
    },
    {
      "business_status": "OPERATIONAL",
      "geometry": {
        "location": { "lat": 52.52393, "lng": 13.388821 },
        "viewport": {
          "northeast": { "lat": 52.5252842802915, "lng": 13.3896325802915 },
          "southwest": { "lat": 52.5225863197085, "lng": 13.3869346197085 }
        }
      },
      "icon": "https://maps.gstatic.com/mapfiles/place_api/icons/v1/png_71/generic_business-71.png",
      "name": "Friedrichstadt-Palast",
      "opening_hours": { "open_now": true },
      "photos": [
        {
          "height": 1281,
          "html_attributions": [
            "<a href=\"https://maps.google.com/maps/contrib/104802239037799235080\">Friedrichstadt-Palast Berlin</a>"
          ],
          "photo_reference": "Aap_uEBnigQwumKwB0DCkjpC6_kWs31aPpZNY7oGdSPHdbrzPw1oMxfFAwku2_nUXKStjE2epZwtHqhdF1jvdT7UiiER68IiUYSP3507c1U7Oc6uv5fAWbgD6_TjPrjXsx22QXBfRJ-ZYLhZcUryAi1rGQtN0c-C8k8LHDL1Yk4_TnSkCZP1",
          "width": 1920
        }
      ],
      "place_id": "ChIJTQam0-lRqEcR1JAU4DjCewA",
      "plus_code": {
        "compound_code": "G9FQ+HG Berlin, Germany",
        "global_code": "9F4MG9FQ+HG"
      },
      "rating": 4.7,
      "reference": "ChIJTQam0-lRqEcR1JAU4DjCewA",
      "scope": "GOOGLE",
      "types": ["tourist_attraction", "point_of_interest", "establishment"],
      "user_ratings_total": 10874,
      "vicinity": "Friedrichstraße 107, Berlin"
    },
    {
      "business_status": "OPERATIONAL",
      "geometry": {
        "location": { "lat": 52.5137224, "lng": 13.3926698 },
        "viewport": {
          "northeast": { "lat": 52.5149625802915, "lng": 13.39438905 },
          "southwest": { "lat": 52.5122646197085, "lng": 13.39017005 }
        }
      },
      "icon": "https://maps.gstatic.com/mapfiles/place_api/icons/v1/png_71/generic_business-71.png",
      "name": "Gendarmenmarkt",
      "photos": [
        {
          "height": 3024,
          "html_attributions": [
            "<a href=\"https://maps.google.com/maps/contrib/118001125999523631003\">Juanjo Part</a>"
          ],
          "photo_reference": "Aap_uEBgv3swjGOG6y0gPOJ7Fn-1I1cc1C2GS0g-VuVWXvg0Ij4d8UFsMXaDbiHdciHvsxsSWjNHUPwW5qZCXgiatq-SpmFChTX__7POmEVJDgi-RgY_grLmLort60hN6oQTBq9vDoQcYGrLUP8Odj7b00oWHcscEoYKsgXu0tojgsr-Pfq3",
          "width": 4032
        }
      ],
      "place_id": "ChIJ4ZsybtpRqEcRkDdXJvRC7Wk",
      "plus_code": {
        "compound_code": "G97V+F3 Berlin, Germany",
        "global_code": "9F4MG97V+F3"
      },
      "rating": 4.6,
      "reference": "ChIJ4ZsybtpRqEcRkDdXJvRC7Wk",
      "scope": "GOOGLE",
      "types": ["tourist_attraction", "point_of_interest", "establishment"],
      "user_ratings_total": 31864,
      "vicinity": "Gendarmenmarkt, Berlin"
    },
    {
      "business_status": "OPERATIONAL",
      "geometry": {
        "location": { "lat": 52.50702469999999, "lng": 13.3818647 },
        "viewport": {
          "northeast": { "lat": 52.50845748029149, "lng": 13.3832135802915 },
          "southwest": { "lat": 52.50575951970849, "lng": 13.3805156197085 }
        }
      },
      "icon": "https://maps.gstatic.com/mapfiles/place_api/icons/v1/png_71/museum-71.png",
      "name": "Martin-Gropius-Bau",
      "opening_hours": { "open_now": true },
      "photos": [
        {
          "height": 1365,
          "html_attributions": [
            "<a href=\"https://maps.google.com/maps/contrib/110753570993550938054\">Gropius Bau</a>"
          ],
          "photo_reference": "Aap_uEDrmh19RQyRQtQBs_J8E8eoHr-VfnTCqRlPB2eP6PXijQ_npdleZ6SQvT5iTSprSMZlHpAg51-FZAMq8hMR1CUI1d3HZ4BOxuhmluxvdVYzgcNhftlbmjdxdK4b09V63VxkMyIFLes0SkWiL019ObApFQ9L3VJlrATOeECc__kqGLAk",
          "width": 2048
        }
      ],
      "place_id": "ChIJ4TYb281RqEcRPHf9ZNl05uM",
      "plus_code": {
        "compound_code": "G94J+RP Berlin, Germany",
        "global_code": "9F4MG94J+RP"
      },
      "rating": 4.5,
      "reference": "ChIJ4TYb281RqEcRPHf9ZNl05uM",
      "scope": "GOOGLE",
      "types": [
        "tourist_attraction",
        "museum",
        "point_of_interest",
        "establishment"
      ],
      "user_ratings_total": 2730,
      "vicinity": "Niederkirchnerstraße 7, Berlin"
    },
    {
      "business_status": "OPERATIONAL",
      "geometry": {
        "location": { "lat": 52.5196077, "lng": 13.4027331 },
        "viewport": {
          "northeast": { "lat": 52.5207141302915, "lng": 13.4041869302915 },
          "southwest": { "lat": 52.5180161697085, "lng": 13.4014889697085 }
        }
      },
      "icon": "https://maps.gstatic.com/mapfiles/place_api/icons/v1/png_71/museum-71.png",
      "name": "DDR Museum",
      "opening_hours": { "open_now": true },
      "photos": [
        {
          "height": 3024,
          "html_attributions": [
            "<a href=\"https://maps.google.com/maps/contrib/109162347742130940836\">paul Baxter</a>"
          ],
          "photo_reference": "Aap_uECcx_wzOaabb8sDUTCsCt1QwwFIIYSB1juOVIMHjSzV1yIJD2NURlzs8FGq1iNsTAbGeORZXEVv3YguCOgmHc5HKaneoTCwZxbRXjyGNTGamPNAybdUp4w0yBgbz8LuGya0BxtVce_kWn13-dfWUE6NVQSAjjhONWWuSJoPkuyx2j0Y",
          "width": 4032
        }
      ],
      "place_id": "ChIJVzpGU95RqEcRZJgnyr-ZDC0",
      "plus_code": {
        "compound_code": "GC93+R3 Berlin, Germany",
        "global_code": "9F4MGC93+R3"
      },
      "rating": 4.3,
      "reference": "ChIJVzpGU95RqEcRZJgnyr-ZDC0",
      "scope": "GOOGLE",
      "types": [
        "museum",
        "tourist_attraction",
        "point_of_interest",
        "establishment"
      ],
      "user_ratings_total": 17108,
      "vicinity": "Karl-Liebknecht-Straße 1, Berlin"
    },
    {
      "business_status": "OPERATIONAL",
      "geometry": {
        "location": { "lat": 52.5206108, "lng": 13.4071221 },
        "viewport": {
          "northeast": { "lat": 52.5221140302915, "lng": 13.4082631302915 },
          "southwest": { "lat": 52.5194160697085, "lng": 13.4055651697085 }
        }
      },
      "icon": "https://maps.gstatic.com/mapfiles/place_api/icons/v1/png_71/worship_general-71.png",
      "name": "St. Mary's Church",
      "opening_hours": { "open_now": false },
      "photos": [
        {
          "height": 483,
          "html_attributions": [
            "<a href=\"https://maps.google.com/maps/contrib/114321658880266541496\">St. Marienkirche</a>"
          ],
          "photo_reference": "Aap_uED7WCNg_W--hBujrKvQqmO9G7nm1ecUnI4KDX4dc-fGleCg7irqlRF_HNk5I-jp_meZSPJGpxJA_P-_8GW2ZeMBN4SrhqBcYvA0w94E8l3QjNFzcN8lKT4aqa9lafLsVJ7xhY9xbOVttABnCSpXVaz3U_Zxb8hFDAw7xigqppK6sI35",
          "width": 643
        }
      ],
      "place_id": "ChIJS4MKBSBOqEcRgXI8kWHFOvw",
      "plus_code": {
        "compound_code": "GCC4+6R Berlin, Germany",
        "global_code": "9F4MGCC4+6R"
      },
      "rating": 4.5,
      "reference": "ChIJS4MKBSBOqEcRgXI8kWHFOvw",
      "scope": "GOOGLE",
      "types": [
        "tourist_attraction",
        "church",
        "place_of_worship",
        "point_of_interest",
        "establishment"
      ],
      "user_ratings_total": 2700,
      "vicinity": "Karl-Liebknecht-Str. 8, Berlin"
    },
    {
      "business_status": "OPERATIONAL",
      "geometry": {
        "location": { "lat": 52.51827749999999, "lng": 13.4086443 },
        "viewport": {
          "northeast": { "lat": 52.5195691802915, "lng": 13.41053155 },
          "southwest": { "lat": 52.51687121970851, "lng": 13.40716855 }
        }
      },
      "icon": "https://maps.gstatic.com/mapfiles/place_api/icons/v1/png_71/civic_building-71.png",
      "name": "Rotes Rathaus",
      "opening_hours": { "open_now": true },
      "photos": [
        {
          "height": 1333,
          "html_attributions": [
            "<a href=\"https://maps.google.com/maps/contrib/100411041529869983421\">Ana Feraru</a>"
          ],
          "photo_reference": "Aap_uECUEzVvFUIaQB9ptwbAmJezeDsQuWxphpmwYCtsZv6ZmAQ8yx216IkRpflynJ6mCy-FacP1SpwagpS8DDST-4NnjG_y2rXqZIiYyQQEkKRNYwZjFCyMKppSZoSbppgfTH9Z0O17PmUnl_F9Y8RFxQ0_Djn6LFO1wkg0OjJAUeagLM5w",
          "width": 2000
        }
      ],
      "place_id": "ChIJY6TmWyBOqEcRHu9XLGnEmqY",
      "plus_code": {
        "compound_code": "GC95+8F Berlin, Germany",
        "global_code": "9F4MGC95+8F"
      },
      "rating": 4.4,
      "reference": "ChIJY6TmWyBOqEcRHu9XLGnEmqY",
      "scope": "GOOGLE",
      "types": [
        "city_hall",
        "tourist_attraction",
        "local_government_office",
        "point_of_interest",
        "establishment"
      ],
      "user_ratings_total": 936,
      "vicinity": "Rathausstraße 15, Berlin"
    },
    {
      "business_status": "OPERATIONAL",
      "geometry": {
        "location": { "lat": 52.5201349, "lng": 13.3976462 },
        "viewport": {
          "northeast": { "lat": 52.5213565802915, "lng": 13.3993990802915 },
          "southwest": { "lat": 52.5186586197085, "lng": 13.3967011197085 }
        }
      },
      "icon": "https://maps.gstatic.com/mapfiles/place_api/icons/v1/png_71/museum-71.png",
      "name": "Neues Museum",
      "opening_hours": { "open_now": false },
      "photos": [
        {
          "height": 794,
          "html_attributions": [
            "<a href=\"https://maps.google.com/maps/contrib/115704305255597487086\">Carlos Bonfim</a>"
          ],
          "photo_reference": "Aap_uEACK4nwLY1s7tvEiDf2lS3x2IdNUyy09OgdvdKuK8_tj1eyboShh7Y1HqRwBk8-LNlOrkTNVMtKi_L5poj8OQbq1SMaEzJtnl6RPECrJkhmV-3DwGsLtEeTnqedcQrb5npawzXkbeEOqtQ3qNe3lPmiiwp2VCRYSkIDSC2S-5jVjZlg",
          "width": 1125
        }
      ],
      "place_id": "ChIJS8OUk91RqEcRNauNAPV5P40",
      "plus_code": {
        "compound_code": "G9CX+33 Berlin, Germany",
        "global_code": "9F4MG9CX+33"
      },
      "rating": 4.5,
      "reference": "ChIJS8OUk91RqEcRNauNAPV5P40",
      "scope": "GOOGLE",
      "types": [
        "museum",
        "tourist_attraction",
        "point_of_interest",
        "establishment"
      ],
      "user_ratings_total": 8072,
      "vicinity": "Bodestraße 1-3, Berlin"
    }
  ],

  "rawDataDurations": {
    "durations": [
      [
        0, 1203.86, 2917.15, 1387.45, 1373.79, 1177.57, 1474.31, 1124.06,
        1366.99, 2672.39, 2390.3, 2705.24, 1792.15, 1471.31, 2048.38, 3068.97,
        1267.56, 1231.23, 1443.56, 1366.99
      ],
      [
        1203.86, 0, 1814.79, 403.26, 318.64, 665.4, 490.12, 1557.24, 382.8,
        1598.84, 1496.19, 1721.04, 807.96, 977.99, 988.41, 1995.42, 63.71,
        241.43, 342.29, 382.8
      ],
      [
        2917.15, 1814.79, 0, 1724.13, 1588.72, 1897.84, 1533.18, 3202.87,
        1639.06, 673.42, 2014.28, 1811.74, 1229.26, 2085.87, 1031.21, 1106.99,
        1713.62, 1766.75, 1529.39, 1639.06
      ],
      [
        1387.45, 403.26, 1724.13, 0, 251.54, 1043.6, 268.29, 1660.18, 147.86,
        1466.37, 1274.36, 1499.22, 586.14, 889.46, 842.37, 1862.95, 353.92,
        619.63, 732.47, 147.86
      ],
      [
        1373.79, 318.64, 1588.72, 251.54, 0, 887.48, 329.24, 1646.52, 230.59,
        1410.24, 1335.31, 1471.16, 558.07, 950.41, 799.81, 1806.82, 254.93,
        445.58, 549.54, 230.59
      ],
      [
        1177.57, 665.4, 1897.84, 1043.6, 887.48, 0, 1130.45, 1772.68, 1023.14,
        1976.97, 2136.52, 2204.92, 1291.83, 1396.29, 1446.79, 2373.56, 729.11,
        455.78, 478.22, 1023.14
      ],
      [
        1474.31, 490.12, 1533.18, 268.29, 329.24, 1130.45, 0, 1747.04, 183.23,
        1237.68, 1127.81, 1270.53, 357.44, 814.73, 613.67, 1634.26, 440.78,
        706.48, 721.02, 183.23
      ],
      [
        1124.06, 1557.24, 3202.87, 1660.18, 1646.52, 1772.68, 1747.04, 0,
        1639.72, 2742.19, 1954.34, 2356.97, 2064.88, 1256.34, 2217.41, 2948.22,
        1558.43, 1647.92, 1807.16, 1639.72
      ],
      [
        1366.99, 382.8, 1639.06, 147.86, 230.59, 1023.14, 183.23, 1639.72, 0,
        1381.31, 1189.3, 1414.16, 501.08, 804.4, 757.31, 1777.89, 333.46,
        599.17, 712.01, 0
      ],
      [
        2672.39, 1598.84, 673.42, 1466.37, 1410.24, 1976.97, 1237.68, 2742.19,
        1381.31, 0, 1343.76, 1141.22, 886.83, 1609.96, 624, 436.47, 1535.13,
        1739.4, 1580.63, 1381.31
      ],
      [
        2390.3, 1496.19, 2014.28, 1274.36, 1335.31, 2136.52, 1127.81, 1954.34,
        1189.3, 1343.76, 0, 433.12, 1145.35, 962.74, 1141.27, 1114.4, 1446.85,
        1712.55, 1825.39, 1189.3
      ],
      [
        2705.24, 1721.04, 1811.74, 1499.22, 1471.16, 2204.92, 1270.53, 2356.97,
        1414.16, 1141.22, 433.12, 0, 958.92, 1381.2, 987.77, 776.8, 1596.05,
        1781.53, 1812.18, 1414.16
      ],
      [
        1792.15, 807.96, 1229.26, 586.14, 558.07, 1291.83, 357.44, 2064.88,
        501.08, 886.83, 1145.35, 958.92, 0, 1047.93, 262.83, 1283.42, 682.97,
        868.45, 808.61, 501.08
      ],
      [
        1471.31, 977.99, 2085.87, 889.46, 950.41, 1396.29, 814.73, 1256.34,
        804.4, 1609.96, 962.74, 1381.2, 1047.93, 0, 1085.17, 1846.5, 928.66,
        1141.58, 1254.42, 804.4
      ],
      [
        2048.38, 988.41, 1031.21, 842.37, 799.81, 1446.79, 613.67, 2217.41,
        757.31, 624, 1141.27, 987.77, 262.83, 1085.17, 0, 1020.59, 924.71,
        1128.98, 970.21, 757.31
      ],
      [
        3068.97, 1995.42, 1106.99, 1862.95, 1806.82, 2373.56, 1634.26, 2948.22,
        1777.89, 436.47, 1114.4, 776.8, 1283.42, 1846.5, 1020.59, 0, 1931.72,
        2135.99, 1977.22, 1777.89
      ],
      [
        1267.56, 63.71, 1713.62, 353.92, 254.93, 729.11, 440.78, 1558.43,
        333.46, 1535.13, 1446.85, 1596.05, 682.97, 928.66, 924.71, 1931.72, 0,
        305.14, 406, 333.46
      ],
      [
        1231.23, 241.43, 1766.75, 619.63, 445.58, 455.78, 706.48, 1647.92,
        599.17, 1739.4, 1712.55, 1781.53, 868.45, 1141.58, 1128.98, 2135.99,
        305.14, 0, 319.23, 599.17
      ],
      [
        1443.56, 342.29, 1529.39, 732.47, 549.54, 478.22, 721.02, 1807.16,
        712.01, 1580.63, 1825.39, 1812.18, 808.61, 1254.42, 970.21, 1977.22,
        406, 319.23, 0, 712.01
      ],
      [
        1366.99, 382.8, 1639.06, 147.86, 230.59, 1023.14, 183.23, 1639.72, 0,
        1381.31, 1189.3, 1414.16, 501.08, 804.4, 757.31, 1777.89, 333.46,
        599.17, 712.01, 0
      ]
    ],
    "destinations": [
      { "location": [13.41005, 52.53217], "snapped_distance": 6.61 },
      { "location": [13.403366, 52.520385], "snapped_distance": 33.7 },
      { "location": [13.398388, 52.504296], "snapped_distance": 40.82 },
      { "location": [13.397438, 52.520724], "snapped_distance": 62.69 },
      { "location": [13.400673, 52.518966], "snapped_distance": 29.33 },
      { "location": [13.413438, 52.522101], "snapped_distance": 15.99 },
      { "location": [13.39687, 52.51854], "snapped_distance": 43.54 },
      { "location": [13.390431, 52.534952], "snapped_distance": 19.75 },
      { "location": [13.397558, 52.519971], "snapped_distance": 19.12 },
      { "location": [13.390433, 52.507446], "snapped_distance": 2.86 },
      { "location": [13.376933, 52.518614], "snapped_distance": 50.44 },
      { "location": [13.378584, 52.513947], "snapped_distance": 8.68 },
      { "location": [13.39449, 52.51571], "snapped_distance": 22.68 },
      { "location": [13.388832, 52.524423], "snapped_distance": 54.83 },
      { "location": [13.392504, 52.513712], "snapped_distance": 11.3 },
      { "location": [13.381836, 52.507196], "snapped_distance": 19.13 },
      { "location": [13.402369, 52.51987], "snapped_distance": 38.19 },
      { "location": [13.407111, 52.520705], "snapped_distance": 10.49 },
